# Created by Octave 4.0.3, Mon Jul 02 21:38:20 2018 CST <eliasthunderdog@localhost.localdomain>
# name: a
# type: matrix
# rows: 1
# columns: 2
 1 2


# name: b
# type: matrix
# rows: 1
# columns: 2
 1 3


